# Created at Fri Jul 03 14:52:18 GMT+02:00 2020
14349552000642 -30.038452 -14.239502 -21.418762
14349572172762 -28.463745 -11.929321 -22.180176
14349592314363 -28.466797 -12.677002 -20.693970
14349612425447 -28.457642 -11.941528 -22.918701
14349632597566 -29.292297 -11.122131 -19.972229
14349652739168 -30.065918 -12.681580 -20.695496
14349672880769 -30.908203 -10.342407 -19.244385
14349692961336 -30.882263 -11.898804 -19.966125
14349713163972 -30.099487 -11.111450 -19.233704
14349733305574 -30.897522 -11.114502 -19.235229
14349753477693 -30.116272 -8.819580 -20.738220
14349773619295 -30.885315 -11.138916 -20.713806
14349793760896 -31.689453 -10.382080 -21.463013
14349813871980 -31.697083 -11.117554 -19.236755
14349834044099 -30.921936 -8.808899 -19.999695
14349854185701 -31.712341 -9.584045 -19.992065
14349874296785 -31.735229 -8.787537 -18.522644
14349894590974 -30.085754 -11.137390 -20.712280
14349914854646 -31.709290 -8.837891 -21.479797
14349935148836 -31.718445 -9.571838 -19.253540
14349955412508 -31.715393 -8.824158 -20.739746
14349975706697 -31.712341 -9.584045 -19.992065
14349995970369 -31.695557 -10.369873 -20.722961
14350016264558 -33.294678 -10.375977 -20.726013
14350037352205 -33.303833 -9.602356 -20.735168
14350057463289 -34.902954 -9.608459 -20.736694
14350075712801 -32.489014 -10.385132 -21.464539
14350095793367 -33.308411 -8.842468 -21.481323
14350115934969 -34.103394 -9.605408 -20.735168
14350138273836 -33.319092 -8.070374 -21.490479
14350156645418 -33.303833 -9.602356 -20.735168
14350176481844 -31.704712 -9.597778 -20.732117
14350196745515 -30.926514 -8.049011 -20.747375
14350217009187 -34.933472 -8.798218 -18.527222
14350240294099 -32.495117 -10.372925 -20.724487
14350257872224 -33.334351 -8.792114 -18.525696
14350277098299 -33.331299 -8.045959 -20.011902
14350297209383 -33.311462 -9.590149 -19.995117
14350317350984 -34.893799 -8.872986 -22.962952
14350338377596 -32.519531 -8.067322 -21.488953
14350357756258 -34.130859 -8.047485 -20.013428
14350377775789 -33.311462 -9.590149 -19.995117
14350397917390 -32.508850 -8.839417 -21.481323
14350418058992 -33.334351 -7.284546 -20.759583
14350438810945 -31.686401 -9.634399 -22.949219
14350458433748 -33.297729 -9.614563 -21.473694
14350478514314 -32.495117 -10.372925 -20.724487
14350498625398 -32.521057 -8.815002 -20.002747
14350518767000 -32.498169 -9.613037 -21.472168
14350539427400 -33.302307 -8.854675 -22.221375
14350559263826 -34.916687 -8.074951 -21.493530
14350579191805 -33.279419 -11.907959 -19.970703
14350599333406 -30.915833 -8.822632 -20.739746
14350619475008 -32.525635 -8.055115 -20.750427
14350640410066 -32.511902 -8.079529 -22.229004
14350659849764 -32.489014 -10.385132 -21.464539
14350679899812 -34.077454 -11.163330 -21.458435
14350700102449 -33.303833 -9.602356 -20.735168
14350720396639 -32.492065 -9.625244 -22.212219
14350742399812 -33.291626 -9.628296 -22.212219
14350760954500 -32.473755 -11.917114 -20.707703
14350781218172 -32.478333 -11.157227 -21.455383
14350801481844 -30.905151 -9.594727 -20.730591
14350821104646 -31.692505 -9.622192 -22.210693
14350843657137 -31.671143 -12.675476 -19.958496
14350861204744 -32.478333 -11.157227 -21.455383
14350881315828 -33.264160 -12.692261 -20.701599
14350901457430 -32.484436 -11.145020 -20.716858
14350921812654 -31.668091 -11.927795 -21.446228
14350944761873 -32.464600 -12.690735 -20.700073
14350962309480 -30.854797 -13.456726 -20.689392
14350982573152 -31.643677 -14.231873 -20.681763
14351003203035 -30.850220 -14.216614 -19.941711
14351022337556 -30.830383 -15.762329 -19.924927
14351043272615 -30.824280 -15.774536 -20.663452
14351062712312 -29.214478 -16.542053 -20.652771
14351082823396 -28.422546 -16.526794 -19.912720
14351102964998 -27.584839 -18.853760 -20.625305
14351123808504 -27.612305 -17.295837 -19.902039
14351144468904 -27.589417 -18.093872 -21.372986
14351163389803 -28.388977 -18.096924 -21.374512
14351183561922 -27.609253 -16.548157 -21.389771
14351203673006 -28.385925 -17.349243 -22.860718
14351224363924 -27.565002 -20.397949 -20.608521
14351244566560 -25.979614 -18.859863 -21.362305
14351264097810 -25.196838 -18.072510 -20.629883
14351284208894 -25.190735 -18.084717 -21.368408
14351304381014 -25.953674 -20.417786 -22.084045
14351325468660 -25.149536 -21.176147 -21.334839
14351345762849 -25.154114 -20.414734 -22.082520
14351364805818 -25.956726 -19.657898 -22.831726
14351385069490 -23.538208 -21.194458 -22.811890
14351405333162 -23.516846 -22.740173 -22.795105
14351427305818 -25.123596 -22.732544 -22.058105
14351446898103 -24.316406 -22.743225 -22.796631
14351466185213 -24.331665 -21.209717 -23.551941
14351486448885 -22.734070 -21.952820 -22.062683
14351506743074 -22.738647 -21.191406 -22.810364
14351528441072 -24.349976 -21.173096 -21.334839
14351548704744 -24.356079 -21.160889 -20.594788
14351566252351 -23.550415 -21.170044 -21.333313
14351586454988 -24.343872 -21.185303 -22.073364
14351606718660 -21.955872 -20.404053 -22.077942
14351627379060 -23.513794 -23.500061 -22.047424
14351649565340 -23.554993 -20.410156 -22.080994
14351667570711 -24.357605 -19.653320 -22.828674
14351687834383 -23.556519 -18.902588 -24.314880
14351708128572 -23.554993 -20.410156 -22.080994
14351732298494 -24.324036 -22.729492 -22.056580
14351750700594 -21.134949 -21.946716 -22.059631
14351767637849 -23.550415 -21.170044 -21.333313
14351787779451 -23.547363 -21.929932 -20.585632
14351807921053 -24.354553 -20.413208 -22.082520
14351828337312 -22.744751 -21.179199 -22.070312
14351848570467 -24.354553 -20.413208 -22.082520
14351868315340 -23.532104 -21.206665 -23.550415
14351888487459 -23.544312 -21.182251 -22.071838
14351908598543 -26.753235 -20.420837 -22.085571
14351929411531 -24.363708 -21.147156 -19.856262
14351949522615 -24.366760 -20.387268 -20.603943
14351969023347 -24.360657 -20.399475 -21.342468
14351989164949 -24.349976 -21.173096 -21.334839
14352009306551 -25.955200 -21.165466 -20.597839
14352030394197 -25.169373 -21.138000 -19.117737
14352049742342 -25.154114 -20.414734 -22.082520
14352069761873 -24.349976 -21.173096 -21.334839
14352089872957 -25.149536 -21.176147 -21.334839
14352110045076 -24.354553 -20.413208 -22.082520
14352132475496 -24.366760 -20.387268 -20.603943
14352151579500 -24.371338 -19.627380 -21.351624
14352170897127 -23.574829 -18.864441 -22.097778
14352191130281 -23.564148 -19.638062 -22.088623
14352211393953 -25.973511 -18.873596 -22.100830
14352234434724 -24.343872 -21.185303 -22.073364
14352252104402 -24.363708 -19.639587 -22.090149
14352272246004 -24.363708 -19.639587 -22.090149
14352292540193 -27.549744 -19.676208 -23.573303
14352311461092 -23.579407 -18.104553 -22.845459
14352335905672 -22.749329 -20.419312 -22.817993
14352353361726 -21.966553 -19.631958 -22.087097
14352372221590 -24.337769 -21.197510 -22.811890
14352392515779 -22.738647 -21.191406 -22.810364
14352412809969 -24.354553 -20.413208 -22.082520
14352435850740 -24.324036 -21.221924 -24.290466
14352454222322 -22.738647 -21.191406 -22.810364
14352473021150 -21.952820 -19.656372 -23.564148
14352493315340 -21.942139 -20.429993 -23.556519
14352512785555 -24.333191 -21.957397 -22.065735
14352534453035 -21.144104 -20.426941 -23.554993
14352553251863 -22.727966 -21.965027 -22.801208
14352573210359 -22.756958 -21.154785 -20.593262
14352593351961 -22.724915 -22.724915 -22.053528
14352613493562 -21.150208 -20.414734 -22.816467
14352634428621 -21.945190 -21.176147 -22.070312
14352653898836 -22.721863 -21.977234 -23.541260
14352674040437 -22.726440 -21.217346 -24.288940
14352694121004 -23.515320 -21.992493 -24.281311
14352714293123 -22.767639 -20.382690 -20.600891
14352736448885 -24.316406 -22.743225 -22.796631
14352754576326 -23.547363 -21.929932 -20.585632
14352774687410 -22.738647 -21.191406 -22.810364
14352794859529 -22.738647 -21.191406 -22.810364
14352814970613 -22.708130 -23.509216 -22.784424
14352850187898 -21.139526 -21.186829 -22.807312
14352875517488 -21.139526 -21.186829 -22.807312
14352895842195 -21.961975 -20.391846 -21.339417
14352916105867 -21.925354 -22.721863 -22.053528
14352936583162 -24.348450 -20.425415 -22.821045
14352956663728 -21.932983 -21.202087 -23.548889
14352976957918 -22.744751 -21.179199 -22.070312
14352997221590 -21.109009 -23.504639 -22.782898
14353017515779 -23.533630 -21.954346 -22.064209
14353037993074 -22.744751 -21.179199 -22.070312
14353056700349 -23.544312 -21.182251 -22.071838
14353076902986 -23.538208 -21.194458 -22.811890
14353097166658 -21.942139 -20.429993 -23.556519
14353117460847 -21.139526 -21.186829 -22.807312
14353139402986 -23.561096 -20.397949 -21.340942
14353157957674 -22.747803 -21.926880 -20.584106
14353178282381 -19.552612 -21.156311 -21.327209
14353198576570 -21.961975 -20.391846 -21.339417
14353218535066 -23.554993 -20.410156 -22.080994
14353240690828 -24.371338 -19.627380 -21.351624
14353258085847 -22.727966 -21.965027 -22.801208
14353278196931 -23.541260 -21.942139 -21.324158
14353298338533 -21.958923 -19.644165 -22.825623
14353318571687 -21.958923 -19.644165 -22.825623
14353338804842 -24.351501 -19.665527 -23.568726
14353358824373 -22.738647 -21.191406 -22.810364
14353378904939 -24.348450 -18.917847 -25.054932
14353399046541 -23.535156 -20.446777 -24.298096
14353419188142 -22.746277 -19.671631 -24.305725
14353439512849 -21.963501 -18.884277 -23.573303
14353459532381 -21.940613 -19.682312 -25.042725
14353479612947 -22.740173 -19.683838 -25.044250
14353499754549 -23.539734 -19.686890 -25.045776
14353519926668 -22.749329 -18.911743 -25.053406
14353540220857 -21.948242 -18.161011 -26.538086
14353560240389 -22.756958 -18.899536 -24.313354
14353580351472 -21.957397 -18.896484 -24.311829
14353600493074 -21.147156 -19.667053 -24.302673
14353621000887 -21.965027 -17.376709 -25.807190
14353641203523 -21.936035 -20.442200 -24.295044
14353661345125 -23.576355 -17.356873 -24.331665
14353681639314 -22.776794 -17.353821 -24.330139
14353701902986 -22.790527 -15.821838 -25.086975
14353722410799 -24.386597 -16.587830 -24.340820
14353742552400 -25.202942 -14.297485 -25.845337
14353762663484 -26.811218 -15.037537 -23.622131
14353783018709 -25.994873 -15.820312 -24.351501
14353801909090 -25.239563 -13.475037 -22.897339
14353822294832 -26.799011 -15.063477 -25.100708
14353843870760 -27.607727 -14.292908 -25.109863
14353862700105 -25.233459 -13.487244 -23.637390
14353882994295 -29.220581 -14.274597 -23.634338
14353903227449 -26.049805 -11.198425 -25.141907
14353923674226 -26.818848 -13.517761 -25.117493
14353945311189 -28.448486 -11.206055 -25.144958
14353964110017 -28.454590 -11.193848 -24.406433
14353984373689 -28.485107 -8.876038 -24.430847
14354003325105 -28.445435 -11.965942 -24.397278
14354023588777 -31.674194 -9.658813 -24.427795
14354043730379 -27.679443 -8.885193 -25.169373
14354063749910 -30.064392 -10.426331 -24.417114
14354083891512 -30.867004 -9.669495 -25.166321
14354103941560 -30.091858 -7.360840 -25.929260
14354124235750 -30.857849 -10.441589 -25.157166
14354144346834 -31.671143 -8.912659 -25.914001
14354164396883 -32.493591 -8.117676 -24.446106
14354184507967 -30.065918 -8.918762 -26.651001
14354204649568 -30.105591 -7.336426 -24.450684
14354224974275 -31.690979 -7.366943 -25.930786
14354245085359 -30.099487 -7.348633 -25.189209
14354265104890 -31.707764 -6.582642 -25.199890
14354285215974 -29.331970 -3.521729 -27.447510
14354305357576 -30.915833 -5.059814 -26.695251
14354325682283 -30.102539 -6.588745 -25.936890
14354345854402 -32.495117 -6.610107 -26.679993
14354365904451 -31.718445 -5.809021 -25.209045
14354386290193 -32.527161 -5.039978 -25.218201
14354406584383 -31.724548 -5.796814 -24.470520
14354427061678 -30.929565 -5.033875 -25.216675
14354447203279 -32.514954 -5.064392 -26.696777
14354467436433 -30.133057 -4.270935 -25.962830
14354487700105 -31.723022 -3.541565 -28.190613
14354507994295 -30.143738 -3.498840 -25.970459
14354528410555 -31.745911 -2.745056 -26.721191
14354548521639 -30.943298 -3.501892 -25.971985
14354567381502 -30.140686 -2.751160 -27.458191
14354587675691 -30.960083 -2.716064 -25.241089
14354607939363 -32.572937 -1.190186 -25.999451
14354628294588 -31.715393 -5.061340 -26.695251
14354649992586 -30.920410 -4.298401 -27.441406
14354668791414 -30.932617 -4.273987 -25.964355
14354689055086 -31.698608 -5.847168 -27.426147
14354709318758 -31.742859 -3.504944 -25.973511
14354731291414 -31.712341 -4.313660 -28.182983
14354748655916 -31.729126 -3.529358 -27.452087
14354768705965 -30.932617 -4.273987 -25.964355
14354788847566 -31.745911 -2.745056 -26.721191
14354808958650 -30.134583 -2.763367 -28.196716
14354829313875 -32.508850 -5.076599 -27.436829
14354849333406 -30.909729 -5.072021 -27.433777
14354869413972 -33.325195 -4.295349 -26.705933
14354889525056 -31.726074 -4.289246 -26.704407
14354909666658 -30.140686 -2.751160 -27.458191
14354930082918 -30.953979 -2.729797 -25.981140
14354950071931 -31.732178 -4.277039 -25.964355
14354970121980 -30.154419 -2.726746 -25.979614
14354990263582 -31.726074 -4.289246 -26.704407
14355010374666 -32.522583 -3.544617 -28.192139
14355030699373 -30.940247 -2.754211 -27.458191
14355050688387 -32.522583 -3.544617 -28.192139
14355070738435 -29.324341 -3.533936 -28.187561
14355090849519 -30.128479 -2.775574 -28.936768
14355111021639 -31.750488 -1.983643 -27.468872
14355131315828 -31.733704 -2.769470 -28.199768
14355151365877 -30.929565 -3.526306 -27.450562
14355171537996 -30.950928 -1.982117 -27.467346
14355191832185 -30.926514 -4.286194 -26.702881
14355212095857 -30.961609 -1.208496 -27.474976
14355232969881 -30.140686 -2.751160 -27.458191
14355253233553 -30.947876 -1.234436 -28.953552
14355273497224 -32.527161 -2.784729 -28.939819
14355292387605 -31.726074 -4.289246 -26.704407
14355312620760 -30.123901 -3.536987 -28.189087
14355334532381 -30.928040 -2.778625 -28.936768
14355354612947 -30.937195 -3.514099 -26.712036
14355373472810 -30.162048 -1.206970 -27.474976
14355393736482 -30.134583 -2.763367 -28.196716
14355414000154 -30.950928 -1.982117 -27.467346
14355436003328 -30.143738 -3.498840 -25.970459
14355454680086 -29.301453 -4.330444 -29.656982
14355474852205 -30.926514 -4.286194 -26.702881
14355493803621 -28.504944 -5.075073 -28.169250
14355513914705 -30.900574 -4.336548 -29.660034
14355534269930 -30.116272 -5.056763 -26.693726
14355554289461 -30.120850 -4.296875 -27.441406
14355574370027 -30.119324 -5.804443 -25.205994
14355594511629 -31.721497 -5.049133 -25.956726
14355614622713 -31.715393 -5.061340 -26.695251
14355634947420 -29.307556 -5.825806 -26.683044
14355654966951 -30.113220 -5.816650 -25.946045
14355675047517 -27.731323 -5.023193 -25.210571
14355695189119 -29.290771 -6.611633 -27.413940
14355715330721 -30.920410 -4.298401 -27.441406
14355735685945 -30.897522 -7.351685 -25.190735
14355755674959 -28.514099 -5.810547 -25.942993
14355775786043 -29.315186 -6.561279 -24.458313
14355795927644 -29.307556 -5.825806 -26.683044
14355816038728 -30.099487 -7.348633 -25.189209
14355836454988 -28.489685 -8.116150 -25.178528
14355856505037 -30.111694 -7.324219 -23.710632
14355876768709 -27.674866 -7.391357 -28.143311
14355897062898 -26.870728 -9.655762 -25.160217
14355917357088 -29.255676 -9.689331 -26.641846
14355937834383 -28.472900 -8.900452 -25.909424
14355957914949 -28.459167 -10.433960 -25.154114
14355978209139 -28.451538 -11.953735 -23.658752
14355998472810 -27.642822 -11.215210 -25.883484
14356018797517 -26.036072 -12.730408 -24.385071
14356039122224 -26.829529 -12.745667 -25.126648
14356057921053 -26.055908 -11.184692 -24.401855
14356078123689 -26.046753 -11.958313 -24.394226
14356098417879 -25.236511 -12.727356 -24.385071
14356118589998 -26.019287 -13.514709 -25.115967
14356140501619 -25.233459 -13.487244 -23.637390
14356159269930 -23.626709 -15.002441 -22.138977
14356179533601 -25.209045 -15.792847 -22.872925
14356199827791 -22.787476 -16.581726 -24.339294
14356219999910 -23.576355 -17.356873 -24.331665
14356242033601 -22.785950 -18.089294 -22.103882
14356259214998 -21.992493 -18.074036 -21.363831
14356279295564 -21.969604 -18.872070 -22.834778
14356299437166 -20.344543 -20.423889 -23.553467
14356319718647 -19.544983 -20.420837 -23.553467
14356339921283 -17.926025 -20.452881 -25.767517
14356359940815 -18.739319 -20.431519 -24.290466
14356380051899 -18.759155 -18.885803 -24.307251
14356400162983 -18.754578 -19.645691 -23.559570
14356420487690 -16.357422 -19.638062 -23.556519
14356440629291 -16.316223 -22.727966 -23.522949
14356460648823 -17.108154 -22.743225 -24.263000
14356480729389 -17.910767 -23.492432 -22.778320
14356500901508 -14.753723 -20.391846 -22.805786
14356521104145 -14.710999 -22.734070 -24.259949
14356541306781 -12.298584 -22.750854 -25.733948
14356561356830 -12.289429 -23.524475 -25.726318
14356581498432 -11.508179 -23.483276 -23.506165
14356601762104 -12.290955 -24.272156 -24.238586
14356622300434 -12.284851 -24.284363 -24.978638
14356642442035 -11.502075 -23.495483 -24.246216
14356662614155 -10.662842 -25.076294 -26.445007
14356682877826 -9.054565 -25.842285 -26.434326
14356703172016 -8.277893 -25.042725 -24.963379
14356723710346 -7.455444 -25.837708 -26.432800
14356743851948 -6.657410 -26.582336 -24.945068
14356763993549 -4.267883 -25.053406 -26.435852
14356782883930 -6.657410 -24.327087 -28.665161
14356803117084 -5.032349 -28.134155 -25.663757
14356823533344 -1.036072 -26.612854 -27.893066
14356845200824 -1.036072 -26.612854 -27.893066
14356863969135 -1.033020 -25.865173 -29.379272
14356884232807 -0.233459 -25.862122 -29.377747
14356904496479 0.575256 -26.632690 -29.368591
14356924912739 2.171326 -25.866699 -30.113220
14356946549701 0.578308 -25.885010 -30.854797
14356965348530 2.989197 -25.901794 -32.330322
14356984299946 2.203369 -27.436829 -31.575012
14357004411030 5.398560 -26.666260 -32.318115
14357024674701 3.002930 -27.433777 -31.573486
14357044846821 4.588318 -25.895691 -32.327271
14357064866352 6.176758 -25.117493 -32.333374
14357084977436 6.173706 -24.357605 -33.081055
14357105119037 6.176758 -25.117493 -32.333374
14357125382709 7.012939 -27.444458 -33.045959
14357145554828 5.383301 -25.132751 -33.073425
14357165574360 5.383301 -23.625183 -35.307312
14357185685444 6.996155 -25.152588 -34.548950
14357205827045 6.190491 -25.143433 -33.811951
14357226182270 4.585266 -25.135803 -33.074951
14357246262836 6.156921 -23.573303 -32.350159
14357266282367 6.182861 -25.129700 -33.071899
14357286423969 6.198120 -26.663208 -32.316589
14357306565571 6.976318 -25.114441 -32.331848
14357327012348 5.383301 -25.132751 -33.073425
14357347092914 5.381775 -25.880432 -31.587219
14357367295551 3.800964 -25.923157 -33.807373
14357387437153 3.012085 -26.698303 -33.799744
14357407853412 4.585266 -25.135803 -33.074951
14357428452778 2.983093 -25.889587 -31.590271
14357448502826 1.383972 -25.894165 -31.593323
14357468674946 0.573730 -25.125122 -31.602478
14357488969135 1.377869 -25.881958 -30.853271
14357509232807 -1.020813 -25.889587 -30.857849
14357528275776 -0.228882 -24.366760 -32.351685
14357549729633 -2.619934 -25.895691 -30.859375
14357568650531 -2.645874 -24.337769 -30.137634
14357588914203 -1.792908 -27.450562 -31.581116
14357609177875 -5.007935 -26.676941 -30.854797
14357631028461 -4.235840 -25.115967 -30.131531
14357651231098 -6.643677 -24.351501 -30.143738
14357670029926 -6.617737 -25.909424 -30.867004
14357690324115 -5.841064 -25.109863 -29.394531
14357710587787 -7.449341 -24.342346 -29.405212
14357729630756 -7.456970 -22.822571 -30.900574
14357749802875 -10.646057 -23.605347 -30.897522
14357769822406 -9.065247 -23.562622 -28.677368
14357789964008 -9.852600 -23.590088 -30.157471
14357810075092 -12.271118 -22.053528 -30.177307
14357830430317 -13.066101 -22.816467 -29.431152
14357850449848 -12.277222 -22.041321 -29.438782
14357870530414 -14.715576 -20.466614 -27.241516
14357890672016 -14.703369 -20.492554 -28.720093
14357910783100 -15.505981 -19.734192 -29.467773
14357931138324 -15.533447 -18.177795 -28.746033
14357951127338 -16.294861 -20.509338 -29.461670
14357971238422 -15.533447 -18.177795 -28.746033
14357991380024 -16.322327 -18.952942 -28.738403
14358011491108 -17.147827 -17.398071 -28.018188
14358031846332 -17.939758 -16.665649 -30.244446
14358051865864 -18.751526 -16.642761 -28.767395
14358071976948 -20.350647 -16.648865 -28.770447
14358092271137 -21.980286 -14.337158 -28.797913
14358112534809 -22.789001 -13.566589 -28.807068
14358133042621 -21.992493 -14.311218 -27.319336
14358153092670 -24.378967 -14.344788 -28.800964
14358173386860 -25.210571 -12.777710 -27.340698
14358193650531 -26.017761 -11.259460 -28.837585
14358213944721 -24.418640 -11.254883 -28.834534
14358234422016 -26.051331 -9.690857 -27.375793
14358254502582 -26.831055 -11.238098 -27.360535
14358273362446 -25.242615 -8.952332 -29.600525
14358293595600 -27.630615 -9.733582 -29.595947
14358313889789 -26.081848 -7.373047 -27.401733
14358334245014 -27.680969 -7.377625 -27.403259
14358354539203 -27.677917 -6.629944 -28.890991
14358374711323 -28.463745 -8.166504 -28.135681
14358395005512 -26.882935 -5.868530 -29.637146
14358415269184 -28.527832 -4.278564 -26.699829
14358437272358 -29.298401 -5.090332 -28.909302
14358455888080 -28.501892 -4.328918 -29.655457
14358474747944 -29.307556 -4.318237 -28.918457
14358494920063 -29.312134 -3.558350 -29.666138
14358515031147 -27.699280 -5.085754 -28.907776
14358535386371 -28.495789 -4.341125 -30.395508
14358555375385 -29.315186 -2.798462 -30.413818
14358575486469 -27.702332 -4.325867 -29.655457
14358595628071 -29.306030 -3.570557 -30.404663
14358615739155 -28.529358 -2.770996 -28.933716
14358636216449 -29.353333 -0.468445 -29.699707
14358656083393 -28.532410 -2.011108 -29.681396
14358676163959 -30.136108 -1.255798 -30.430603
14358696336078 -28.517151 -2.795410 -30.412292
14358716447162 -27.726746 -2.020264 -30.418396
14358736832905 -28.524780 -1.275635 -31.907654
14358756791401 -29.333496 -0.506592 -31.916809
14358776871967 -29.338074 0.254822 -32.664490
14358797044086 -27.751160 0.285339 -31.182861
14358817216205 -26.112366 -1.292419 -33.381653
14358837724018 -27.728271 -0.512695 -32.653809
14358857774067 -26.123047 -0.520325 -33.390808
14358878037739 -26.945496 0.274658 -31.921387
14358898331928 -26.147461 1.785278 -34.153748
14358918839740 -26.159668 1.809692 -32.676697
14358939042377 -26.147461 1.785278 -34.153748
14358959183979 -26.905823 -1.307678 -34.121704
14358979447651 -26.127625 0.239563 -34.136963
14358999711323 -25.328064 0.242615 -34.136963
14359018632221 -26.116943 -0.532532 -34.129333
14359040482807 -22.120667 0.988770 -36.357117
14359059159565 -25.341797 1.776123 -34.892273
14359079392719 -22.932434 1.011658 -34.880066
14359099686908 -25.305176 0.953674 -37.840271
14359120103168 -24.497986 -0.564575 -36.344910
14359141801166 -22.889709 -1.330566 -36.334229
14359160538959 -22.897339 0.189209 -37.828064
14359180802631 -21.287537 -0.578308 -37.817383
14359201066303 -17.251587 -2.146912 -40.013123
14359220017719 -20.492554 0.184631 -38.563538
14359240342426 -20.475769 -0.599670 -39.294434
14359260331440 -17.294312 0.195312 -38.558960
14359280412006 -17.260742 -1.374817 -40.020752
14359300553608 -18.049622 -2.149963 -40.013123
14359320786762 -16.458130 -2.131653 -39.271545
14359340897846 -14.845276 -2.151489 -40.748596
14359360947895 -16.455078 -1.383972 -40.759277
14359381058979 -14.883423 0.178528 -40.034485
14359401200580 -14.062500 -1.362610 -40.016174
14359421403217 -16.477966 -0.585938 -39.288330
14359441605854 -14.855957 -1.377869 -40.756226
14359461655903 -14.849854 -1.391602 -41.496277
14359481766987 -13.233948 -2.169800 -42.224121
14359501908588 -13.230896 -2.931213 -41.476440
14359522172260 -14.842224 -2.911377 -40.000916
14359542252826 -14.031982 -3.680420 -39.990234
14359562485981 -14.015198 -4.466248 -40.721130
14359582749653 -13.206482 -5.235291 -40.711975
14359603013324 -14.022827 -4.454041 -39.982605
14359623521137 -12.425232 -2.940369 -42.214966
14359643693256 -13.229370 -4.438782 -39.242554
14359663865375 -14.015198 -4.466248 -40.721130
14359684159565 -14.831543 -3.683472 -39.991760
14359704270649 -13.208008 -5.982971 -39.225769
14359724870014 -14.823914 -5.203247 -38.496399
14359745072651 -13.177490 -8.300781 -39.199829
14359763871479 -13.188171 -7.528687 -39.208984
14359784104633 -13.983154 -8.291626 -38.462830
14359804368305 -15.559387 -9.094238 -39.935303
14359824784565 -15.602112 -8.259583 -36.247253
14359846482563 -13.999939 -9.013367 -35.496521
14359865220356 -16.412354 -7.489014 -36.256409
14359885484028 -16.348267 -11.376953 -37.693787
14359905747699 -16.380310 -9.806824 -36.231995
14359926224994 -16.349792 -12.124634 -36.206055
14359947800922 -16.377258 -10.566711 -35.484314
14359965256977 -16.366577 -11.338806 -35.475159
14359985398578 -16.389465 -10.542297 -34.005737
14360005509662 -15.559387 -12.857056 -33.979797
14360025742817 -17.947388 -13.636780 -33.973694
14360045945453 -15.559387 -12.857056 -33.979797
14360065995502 -16.380310 -11.314392 -33.996582
14360086076069 -15.533447 -14.414978 -34.701538
14360106217670 -15.528870 -15.174866 -33.953857
14360126572895 -18.716431 -15.957642 -33.950806
14360146592426 -17.915344 -17.462158 -31.715393
14360166611957 -17.109680 -17.472839 -32.452393
14360186723041 -14.744568 -15.893555 -30.987549
14360206864643 -15.534973 -16.670227 -30.979919
14360227067280 -17.922974 -17.449951 -30.975342
14360247300434 -17.106628 -18.232727 -31.704712
14360267319965 -15.557861 -15.872192 -29.510498
14360287431049 -16.310120 -18.977356 -30.216980
14360307572651 -15.541077 -16.656494 -30.241394
14360327927875 -16.333008 -18.179321 -28.747559
14360348313617 -14.723206 -18.946838 -28.736877
14360368546772 -16.317749 -19.712830 -27.990723
14360388810444 -16.317749 -19.712830 -27.990723
14360409104633 -14.733887 -18.174744 -28.744507
14360429642963 -14.703369 -20.492554 -28.720093
14360449693012 -16.308594 -20.484924 -27.983093
14360469956684 -15.531921 -19.685364 -26.512146
14360490189838 -16.320801 -20.460510 -26.504517
14360509049701 -16.333008 -18.179321 -28.747559
14360530991840 -16.297913 -21.257019 -27.973938
14360549760151 -15.525818 -19.697571 -27.250671
14360569871235 -13.932800 -19.679260 -26.509094
14360590195942 -13.932800 -19.679260 -26.509094
14360610459614 -15.518188 -21.217346 -25.755310
14360632188129 -13.912964 -21.224976 -26.492310
14360652482319 -14.724731 -21.202087 -25.015259
14360671281147 -14.707947 -21.986389 -25.746155
14360691575336 -15.525818 -21.952820 -23.530579
14360710465717 -14.707947 -21.986389 -25.746155
14360730912494 -16.319275 -21.968079 -24.270630
14360750840473 -14.703369 -22.747803 -24.998474
14360770921039 -13.914490 -21.971130 -25.006104
14360791062641 -14.735413 -20.429993 -25.024414
14360811173725 -15.547180 -20.407104 -23.547363
14360831498432 -14.727783 -20.442200 -25.762939
14360851517963 -16.329956 -21.194458 -24.278259
14360871629047 -17.129517 -21.197510 -24.279785
14360891740131 -17.935181 -21.188354 -23.541260
14360911881733 -17.907715 -22.746277 -24.264526
14360932236957 -18.728638 -21.203613 -24.282837
14360952225971 -17.951965 -20.402527 -22.811890
14360972337055 -16.357422 -19.638062 -23.556519
14360992478656 -20.344543 -20.423889 -23.553467
14361012589740 -18.748474 -19.657898 -24.299622
14361032944965 -20.364380 -18.878174 -23.570251
14361052964496 -19.561768 -19.636536 -22.822571
14361073228168 -20.339966 -21.183777 -22.805786
14361093522358 -21.972656 -19.619751 -21.347046
14361113786030 -21.197510 -17.311096 -22.109985
14361134293842 -20.358276 -18.891907 -24.310303
14361154191303 -21.966553 -18.124390 -24.320984
14361174638080 -22.760010 -18.139648 -25.061035
14361194901752 -21.963501 -18.884277 -23.573303
14361215195942 -23.564148 -19.638062 -22.088623
14361235673237 -20.381165 -18.093872 -22.839355
14361254380512 -22.785950 -18.089294 -22.103882
14361274583149 -23.588562 -17.332458 -22.853088
14361294633198 -23.588562 -17.332458 -22.853088
14361314805317 -25.181580 -17.350769 -23.594666
14361336991596 -21.990967 -15.818787 -25.085449
14361355729389 -22.789001 -17.329407 -22.851562
14361375962543 -21.994019 -16.566467 -23.597717
14361396256733 -25.192261 -16.577148 -23.603821
14361416520405 -24.398804 -16.561890 -22.862244
14361438462543 -24.395752 -15.814209 -24.349976
14361455766010 -24.409485 -15.789795 -22.871399
14361475846576 -25.175476 -17.362976 -24.334717
14361495988178 -24.406433 -15.042114 -24.357605
14361516160297 -26.815796 -14.277649 -24.369812
14361536454487 -26.028442 -14.250183 -22.891235
14361556474018 -27.590942 -16.586304 -23.606873
14361576554584 -25.233459 -13.487244 -23.637390
14361596726703 -26.808167 -14.291382 -25.109863
14361616837787 -26.033020 -13.490295 -23.637390
14361637223530 -26.046753 -11.958313 -24.394226
14361657182026 -27.624512 -13.508606 -24.380493
14361677262592 -27.651978 -11.950684 -23.657227
14361697343158 -27.635193 -12.736511 -24.388123
14361717637348 -29.254150 -11.196899 -24.407959
14361737839985 -30.058289 -10.438538 -25.155640
14361757890033 -26.072693 -10.400391 -23.670959
14361778001117 -28.428650 -12.751770 -25.128174
14361798203754 -29.228210 -12.753296 -25.129700
14361818681049 -29.255676 -9.689331 -26.641846
14361838883686 -29.237366 -11.981201 -25.138855
14361859055805 -28.413391 -12.028503 -28.094482
14361879258442 -29.283142 -8.131409 -25.918579
14361899583149 -28.436279 -11.230469 -26.623535
14361920060444 -29.264832 -10.423279 -24.415588
14361940263080 -30.061340 -9.678650 -25.903320
14361960435199 -28.460693 -8.926392 -27.388000
14361979417133 -29.238892 -10.473633 -27.372742
14361999558735 -28.437805 -9.722900 -28.857422
14362019944477 -28.450012 -9.698486 -27.380371
14362041672992 -28.456116 -9.686279 -26.640320
14362060410785 -28.450012 -9.698486 -27.380371
14362080643940 -29.263306 -8.168030 -28.137207
14362100938129 -29.269409 -8.155823 -27.397156
14362121354389 -28.460693 -8.926392 -27.388000
14362143082905 -30.859375 -8.934021 -27.391052
14362161790180 -30.059814 -8.930969 -27.391052
14362182053852 -30.876160 -6.642151 -28.895569
14362200944233 -29.257202 -8.181763 -28.875732
14362221207905 -29.284668 -6.623840 -28.153992
14362241380024 -28.507996 -5.822754 -26.683044
14362261430073 -30.099487 -5.841064 -27.424622
14362281510639 -28.474426 -7.392883 -28.143311
14362301652240 -31.675720 -6.643677 -28.897095
14362321976948 -30.897522 -7.351685 -25.190735
14362342088031 -29.284668 -6.623840 -28.153992
14362362107563 -31.675720 -6.643677 -28.897095
14362382249164 -30.876160 -6.642151 -28.895569
14362402360248 -30.087280 -5.867004 -28.903198
14362422623920 -29.287720 -5.863953 -28.901672
14362442796039 -32.511902 -4.316711 -28.184509
14362462815571 -30.909729 -5.072021 -27.433777
14362482957172 -33.288574 -5.117798 -29.655457
14362503098774 -32.472229 -7.406616 -28.150940
14362523362446 -33.319092 -4.307556 -27.445984
14362543595600 -30.104065 -5.081177 -28.172302
14362563737201 -31.674194 -5.895996 -30.383301
14362584000873 -31.686401 -5.871582 -28.904724
14362604264545 -30.876160 -6.642151 -28.895569
14362624772358 -30.104065 -5.081177 -28.172302
14362644944477 -30.097961 -5.093384 -28.910828
14362665116596 -30.876160 -6.642151 -28.895569
14362685410785 -29.292297 -5.104065 -29.649353
14362705674457 -29.292297 -5.104065 -29.649353
14362726090717 -29.281616 -5.876160 -29.640198
14362746293354 -30.117798 -3.549194 -28.927612
14362765061664 -30.905151 -3.576660 -30.407715
14362785355854 -31.683350 -5.123901 -30.392456
14362805619526 -30.099487 -3.585815 -31.144714
14362826005268 -30.084229 -5.119324 -30.389404
14362847733783 -29.289246 -4.356384 -31.135559
14362866410541 -30.094910 -4.345703 -30.397034
14362886735248 -30.888367 -4.360962 -31.138611
14362907029438 -30.125427 -2.029419 -30.422974
14362928941059 -29.319763 -2.038574 -31.161499
14362946366596 -30.931091 -2.018738 -29.684448
14362966355610 -30.934143 -2.766418 -28.198242
14362986466694 -30.122375 -2.789307 -29.675293
14363006608295 -30.924988 -2.030945 -30.424500
14363026933002 -31.713867 -2.806091 -30.416870
14363047044086 -31.721497 -2.793884 -29.678345
14363067063617 -28.517151 -2.795410 -30.412292
14363087174701 -32.511902 -2.061462 -31.904602
14363107316303 -30.928040 -2.778625 -28.936768
14363127763080 -30.929565 -1.271057 -31.172180
14363147721576 -31.713867 -2.806091 -30.416870
14363167771625 -30.918884 -2.043152 -31.163025
14363187913227 -32.510376 -3.569031 -29.670715
14363208024311 -30.914307 -2.804565 -30.415344
14363228349018 -30.924988 -2.030945 -30.424500
14363248399067 -30.911255 -3.564453 -29.667664
14363268479633 -30.114746 -2.801514 -30.413818
14363288682270 -31.718445 -2.046204 -31.164551
14363308976459 -31.707764 -2.819824 -31.155396
14363329514789 -31.704712 -3.579712 -30.409241
14363349595356 -31.710815 -3.565979 -29.669189
14363369797992 -32.527161 -1.277161 -31.173706
14363390092182 -30.899048 -2.081299 -33.380127
14363410325336 -28.501892 -4.328918 -29.655457
14363430863666 -28.532410 -2.011108 -29.681396
14363450944233 -30.075073 -4.383850 -32.615662
14363469895649 -30.921936 -2.790833 -29.676819
14363490067768 -30.119324 -2.041626 -31.161499
14363510331440 -30.114746 -2.801514 -30.413818
14363532304096 -30.085754 -3.611755 -32.623291
14363551011371 -31.704712 -3.579712 -30.409241
14363571152973 -30.125427 -2.029419 -30.422974
14363591447162 -30.128479 -2.775574 -28.936768
14363611710834 -29.315186 -2.798462 -30.413818
14363633652973 -29.299927 -3.582764 -31.144714
14363652360248 -30.924988 -2.030945 -30.424500
14363672562885 -31.701660 -2.832031 -31.895447
14363691453266 -30.924988 -2.030945 -30.424500
14363711564350 -29.309082 -2.810669 -31.152344
14363731950092 -30.941772 -1.246643 -29.693604
14363751939106 -30.111694 -3.561401 -29.666138
14363772019672 -31.704712 -3.579712 -30.409241
14363792130756 -30.924988 -2.030945 -30.424500
14363812272358 -31.713867 -2.806091 -30.416870
14363832597065 -30.929565 -1.271057 -31.172180
14363852647114 -30.108643 -2.813721 -31.153870
14363872697162 -30.110168 -1.306152 -33.387756
14363892869281 -30.126953 -0.520325 -32.656860
14363913010883 -30.136108 -1.255798 -30.430603
14363933366108 -30.113220 -2.053833 -31.901550
14363953324604 -31.729126 -1.274109 -31.172180
14363973435688 -30.096436 -2.838135 -32.632446
14363993546772 -30.139160 -0.495911 -31.178284
14364013688373 -30.938721 -0.498962 -31.179810
14364034165668 -31.721497 -2.793884 -29.678345
14364054246235 -30.899048 -2.081299 -33.380127
14364074479389 -30.921936 -2.790833 -29.676819
14364094773578 -30.937195 -2.006531 -28.945923
14364115067768 -31.748962 0.271606 -31.188965
14364135545063 -30.949402 0.273132 -31.188965
14364155625629 -30.146790 -0.483704 -30.439758
14364175889301 -31.724548 -2.033997 -30.424500
14364196183490 -31.707764 -2.819824 -31.155396
14364215104389 -30.906677 -2.069092 -32.641602
14364236924457 -30.116272 -1.293945 -32.649231
14364257005024 -30.944824 -0.486755 -30.441284
14364275834369 -30.914307 -2.804565 -30.415344
14364296128559 -30.113220 -2.053833 -31.901550
14364316392231 -31.712341 -2.058411 -31.903076
14364337754535 -30.102539 -2.825928 -31.892395
14364356522846 -30.912781 -2.056885 -31.903076
14364376633930 -30.136108 -1.255798 -30.430603
14364396928119 -30.122375 -1.281738 -31.909180
14364417252826 -29.307556 -2.062988 -32.638550
14364436814594 -30.130005 -1.268005 -31.170654
14364456773090 -32.484436 -3.619385 -32.627869
14364476884174 -30.912781 -2.056885 -31.903076
14364497025776 -31.712341 -2.058411 -31.903076
14364517167377 -30.113220 -2.053833 -31.901550
14364537492084 -31.698608 -2.084351 -33.381653
14364557572651 -29.316711 -1.290894 -32.647705
14364577653217 -30.920410 -0.535583 -33.396912
14364597794819 -28.524780 -1.275635 -31.907654
14364617997455 -30.122375 -1.281738 -31.909180
14364638383198 -30.119324 -2.041626 -31.161499
14364658280658 -31.701660 -2.832031 -31.895447
14364678391742 -30.929565 -1.271057 -31.172180
14364698502826 -29.313660 -2.050781 -31.900024
14364718735981 -30.895996 -2.841187 -32.633972
14364738969135 -29.313660 -2.050781 -31.900024
14364758988666 -30.096436 -2.838135 -32.632446
14364779160785 -29.299927 -2.075195 -33.378601
14364799454975 -31.703186 -1.324463 -34.129333
14364819962787 -29.307556 -2.062988 -32.638550
14364840165424 -29.327393 -0.518799 -32.655334
14364860307026 -29.324341 0.228882 -34.143066
14364880601215 -30.107117 -2.066040 -32.640076
14364900864887 -30.134583 0.999451 -34.152222
14364921311664 -29.304504 -1.315308 -34.126282
14364941544819 -30.897522 -1.333618 -34.867859
14364960404682 -30.903625 -1.321411 -34.127808
14364980546283 -28.511047 -1.300049 -33.384705
14365000809955 -29.315186 -0.543213 -34.133911
14365021195698 -28.471375 -2.882385 -35.586548
14365043046283 -29.310608 -1.303101 -33.386230
14365061662006 -28.503418 -2.821350 -31.890869
14365081956196 -28.524780 0.231934 -34.141541
14365102189350 -28.474426 -3.630066 -34.098816
14365122605610 -26.928711 -0.509644 -32.652283
14365144334125 -30.090332 -2.850342 -33.370972
14365163071918 -27.677917 -2.867126 -34.846497
14365181931781 -27.691650 -2.842712 -33.367920
14365202042865 -26.899719 -1.319885 -34.861755
14365222306537 -27.711487 -1.298523 -33.384705
14365242509174 -27.677917 -2.867126 -34.846497
14365262528705 -26.885986 -2.851868 -34.104919
14365282639789 -28.491211 -2.845764 -33.369446
14365302689838 -26.081848 -3.610229 -33.357239
14365322922992 -28.491211 -2.845764 -33.369446
14365343095112 -28.500366 -2.073669 -33.377075
14365363145160 -27.709961 -2.806091 -31.149292
14365383256244 -27.680969 -3.614807 -33.358765
14365403397846 -29.315186 -2.798462 -30.413818
14365423631000 -28.477478 -4.377747 -32.612610
14365443833637 -29.284668 -5.116272 -30.387878
14365463822651 -28.479004 -5.125427 -31.126404
14365483964252 -29.289246 -4.356384 -31.135559
14365504136371 -29.284668 -5.116272 -30.387878
14365524644184 -30.883789 -5.120850 -30.390930
14365544816303 -28.454590 -7.431030 -30.361938
14365564988422 -29.260254 -7.420349 -29.623413
14365585282612 -27.671814 -6.643677 -29.629517
14365605546283 -28.454590 -7.431030 -30.361938
14365626084614 -28.462219 -7.418823 -29.621887
14365646165180 -28.474426 -7.392883 -28.143311
14365666398334 -30.067444 -7.411194 -28.886414
14365686662006 -27.680969 -7.377625 -27.403259
14365705582905 -28.453064 -8.938599 -28.128052
14365725907612 -28.439331 -10.470581 -27.371216
14365747544574 -26.856995 -9.680176 -26.638794
14365766343403 -28.433228 -10.482788 -28.111267
14365786607074 -26.853943 -10.440063 -25.891113
14365806901264 -28.453064 -10.446167 -25.892639
14365827287006 -29.237366 -11.981201 -25.138855
14365848954487 -26.843262 -11.213684 -25.881958
14365867753315 -26.829529 -12.745667 -25.126648
14365888016987 -26.829529 -12.745667 -25.126648
14365908280658 -25.210571 -14.285278 -25.106812
14365927354145 -24.403381 -15.802002 -23.609924
14365947373676 -26.817322 -15.025330 -22.883606
14365967423725 -22.787476 -16.581726 -24.339294
14365987595844 -23.593140 -16.572571 -23.600769
14366007706928 -23.596191 -15.812683 -24.348450
14366028092670 -22.789001 -17.329407 -22.851562
14366048081684 -22.802734 -17.304993 -21.372986
14366068162250 -22.752380 -19.659424 -23.565674
14366088303852 -20.353699 -19.651794 -23.562622
14366108414936 -21.159363 -19.641113 -22.824097
14366128770160 -20.353699 -19.651794 -23.562622
14366148789692 -21.128845 -21.958923 -22.799683
14366168870258 -18.739319 -20.431519 -24.290466
14366189011860 -20.330811 -20.448303 -25.032043
14366209122944 -19.522095 -21.218872 -25.022888
14366229478168 -17.892456 -23.530579 -24.995422
14366249467182 -17.106628 -21.995544 -25.749207
14366269669819 -16.261292 -23.587036 -28.688049
14366289964008 -15.487671 -22.027588 -27.964783
14366310258198 -17.089844 -22.779846 -26.480103
14366330667363 -17.872620 -23.568726 -27.212524
14366350778447 -16.250610 -24.360657 -28.680420
14366370706426 -14.657593 -24.342346 -27.938843
14366391336309 -14.651489 -24.354553 -28.677368
14366411630498 -13.029480 -25.146484 -30.145264
14366432077275 -15.423584 -25.914001 -29.402161
14366450906621 -13.825989 -25.909424 -29.399109
14366471017705 -14.608765 -25.189209 -32.365417
14366491311895 -14.605713 -25.949097 -31.617737
14366511575566 -13.829041 -25.149536 -30.146790
14366533487187 -13.816833 -25.173950 -31.625366
14366552163945 -15.432739 -24.394226 -30.895996
14366572427617 -13.800049 -25.959778 -32.356262
14366592691289 -15.400696 -26.712036 -30.871582
14366612985479 -13.000488 -25.956726 -32.354736
14366634836064 -13.020325 -24.411011 -32.371521
14366653665410 -13.769531 -28.276062 -32.330322
14366672403203 -13.793945 -25.971985 -33.094788
14366692514287 -12.992859 -27.476501 -30.859375
14366712655889 -12.986755 -27.488708 -31.597900
14366733011113 -13.783264 -26.744080 -33.087158
14366753000127 -15.391541 -27.484131 -30.862427
14366773080693 -14.595032 -26.721191 -31.610107
14366793252812 -14.608765 -25.189209 -32.365417
14366813363896 -14.595032 -26.721191 -31.610107
14366833719121 -12.196350 -26.713562 -31.605530
14366853708135 -14.616394 -25.177002 -31.626892
14366873788701 -15.361023 -28.294373 -33.071899
14366893930303 -14.552307 -29.064941 -33.062744
14366914102422 -13.809204 -26.693726 -30.130005
14366934366094 -12.994385 -25.968933 -33.093262
14366954416143 -14.608765 -26.696777 -30.131531
14366974527227 -13.789368 -26.731873 -32.347107
14366994638311 -13.809204 -26.693726 -30.130005
14367014932500 -15.425110 -24.406433 -31.636047
14367035440312 -14.593506 -25.975037 -33.096313
14367055490361 -14.561462 -28.291321 -33.070374
14367075754033 -14.595032 -26.721191 -31.610107
14367096017705 -13.795471 -26.719666 -31.608582
14367116433965 -12.992859 -27.476501 -30.859375
14367136789189 -16.999817 -26.718140 -30.874634
14367156869756 -15.431213 -25.901794 -28.662109
14367177163945 -13.812256 -25.933838 -30.877686
14367196084844 -16.227722 -25.157166 -30.149841
14367216226445 -13.050842 -23.600769 -30.162048
14367238260137 -15.438843 -24.382019 -30.157471
14367256906377 -14.648438 -25.114441 -27.929688
14367277109014 -15.428162 -25.154114 -30.148315
14367297403203 -15.426636 -26.661682 -27.914429
14367317697393 -15.440369 -25.129700 -28.671265
14367339486943 -17.062378 -24.337769 -27.203369
14367358255254 -17.083740 -22.792053 -27.220154
14367378518926 -17.070007 -24.325562 -26.463318
14367397500859 -17.059326 -25.097656 -26.455688
14367417611943 -17.878723 -23.554993 -26.473999
14367437967168 -17.881775 -24.302673 -24.986267
14367457956182 -17.102051 -22.755432 -25.003052
14367478067266 -20.304871 -22.006226 -25.755310
14367498178350 -20.297241 -23.526001 -24.259949
14367518411504 -19.490051 -23.536682 -24.996948
14367538583623 -18.705750 -22.000122 -25.752258
14367558664189 -21.113586 -21.237183 -25.764465
14367578714238 -22.718811 -21.229553 -25.027466
14367598916875 -22.729492 -20.457458 -25.036621
14367619088994 -20.359802 -19.639587 -22.822571
14367639322148 -22.741699 -20.431519 -23.558044
14367659372197 -25.970459 -18.125916 -23.588562
14367679483281 -23.548889 -18.914795 -25.053406
14367699594365 -23.556519 -18.902588 -24.314880
14367719888555 -25.186157 -16.590881 -24.342346
14367740030156 -25.189209 -15.829468 -25.090027
14367760171758 -25.169373 -17.375183 -25.073242
14367780465947 -25.209045 -15.792847 -22.872925
14367800729619 -26.785278 -16.595459 -24.345398
14367821206914 -26.794434 -15.823364 -24.353027
14367841379033 -28.404236 -15.055847 -24.363708
14367861581670 -26.800537 -13.555908 -27.334595
14367881845342 -30.027771 -11.248779 -27.365112
14367902109014 -28.402710 -12.800598 -28.085327
14367922616826 -28.419495 -12.016296 -27.354431
14367942788945 -29.220581 -10.511780 -29.589844
14367961526738 -27.633667 -10.481262 -28.109741
14367981820928 -27.661133 -8.923340 -27.386475
14368002084600 -28.430176 -9.735107 -29.597473
14368022470342 -29.240417 -8.966064 -29.606628
14368044137822 -30.033875 -8.981323 -30.346680
14368062936650 -29.231262 -8.230591 -31.832886
14368083200322 -29.220581 -9.004211 -31.823730
14368103463994 -30.058289 -6.675720 -31.111145
14368123880254 -29.252625 -6.686401 -31.849670
14368145547734 -29.249573 -5.938721 -33.335876
14368162881719 -28.443909 -5.947876 -34.074402
14368183023320 -29.249573 -5.938721 -33.335876
14368203134404 -29.263306 -4.405212 -34.092712
14368223398076 -28.474426 -3.630066 -34.098816
14368243600713 -29.264832 -2.897644 -36.326599
14368263589727 -27.671814 -2.880859 -35.585022
14368283700811 -27.618408 -5.995178 -37.030029
14368303750859 -28.465271 -2.896118 -36.325073
14368324167119 -26.852417 -4.421997 -35.566711
14368344278203 -26.856995 -2.154541 -38.548279
14368364328252 -26.091003 -0.582886 -37.086487
14368384439336 -26.062012 -1.391602 -39.295959
14368404550420 -26.878357 -0.610352 -38.565063
14368424844609 -24.465942 -0.627136 -40.040588
14368444986211 -25.251770 -2.162170 -39.285278
14368465005742 -25.279236 -0.604248 -38.563538
14368485147344 -24.443054 -1.423645 -41.510010
14368505441533 -24.456787 -1.399231 -40.031433
14368525888311 -22.857666 -1.393127 -40.029907
14368546090947 -20.472717 0.148010 -40.782166
14368566263066 -22.064209 -1.377869 -39.289856
14368586526738 -22.061157 -0.630188 -40.776062
14368606820928 -21.299744 1.701355 -40.060425
14368627328740 -21.282959 0.917053 -40.791321
14368647409307 -22.082520 0.914001 -40.792847
14368667642461 -20.472717 0.148010 -40.782166
14368686563359 -21.282959 0.917053 -40.791321
14368706765996 -20.486450 1.679993 -41.537476
14368727212773 -20.489502 0.932312 -40.051270
14368748819219 -20.491028 2.439880 -42.285156
14368767618047 -21.282959 0.917053 -40.791321
14368787668096 -22.076416 0.901794 -41.531372
14368808145391 -18.888855 1.684570 -41.535950
14368830057012 -18.898010 2.458191 -41.543579
14368848855840 -19.686890 1.683044 -41.535950
14368868997441 -17.314148 3.996277 -42.297363
14368887979375 -18.089294 1.687622 -41.534424
14368908120977 -16.499329 2.465820 -41.540527
14368928415166 -18.089294 3.195190 -43.768311
14368948465215 -18.092346 2.447510 -42.282104
14368968545781 -16.493225 2.453613 -42.279053
14368988687383 -17.297363 3.210449 -43.028259
14369008798467 -17.292786 2.450562 -42.280579
14369029092656 -16.491699 3.201294 -43.765259
14369049173223 -18.109131 3.233337 -41.551208
14369069253789 -16.503906 3.225708 -42.288208
14369089364873 -18.099976 3.968811 -43.777466
14369109506475 -17.276001 1.666260 -43.011475
14369130044805 -17.272949 0.906372 -42.263794
14369149911748 -17.303467 3.222656 -42.288208
14369169961797 -18.103027 3.221130 -42.289734
14369190103398 -18.098450 2.461243 -41.542053
14369210214482 -18.125916 4.017639 -40.820312
14369230600225 -19.691467 2.442932 -42.283630
14369250680791 -16.510010 3.237915 -41.548157
14369270883428 -17.320251 4.008484 -41.557312
14369291238652 -17.298889 2.462769 -41.540527
14369311502324 -19.718933 4.000854 -41.561890
14369332010137 -18.875122 1.660156 -43.013000
14369352060186 -19.686890 1.683044 -41.535950
14369372354375 -18.881226 1.672363 -42.274475
14369392648564 -19.728088 4.772949 -41.569519
14369412912236 -18.885803 2.432251 -43.022156
14369432870732 -19.680786 1.670837 -42.276001
14369451913701 -20.480347 1.667786 -42.277527
14369472024785 -22.912598 3.228760 -40.818787
14369492135869 -20.477295 0.907898 -41.529846
14369512277471 -23.712158 3.225708 -40.820312
14369532846318 -21.289062 0.929260 -40.052795
14369552926885 -22.915649 2.481079 -39.332581
14369573099004 -23.721313 2.491760 -38.594055
14369593393193 -20.477295 0.907898 -41.529846
14369613656865 -22.076416 0.901794 -41.531372
14369634225713 -24.497986 1.690674 -40.065002
14369653390752 -25.292969 0.927734 -39.318848
14369673471318 -25.299072 0.939941 -38.580322
14369693643437 -25.276184 0.143433 -40.049744
14369713754521 -24.493408 0.930786 -39.317322
14369734079229 -27.673340 -1.373291 -37.818909
14369754098760 -24.505615 -0.552368 -35.604858
14369774179326 -26.907349 0.199890 -36.357117
14369794320928 -29.292297 0.166321 -37.838745
14369814462529 -26.902771 -0.559998 -35.609436
14369834848271 -28.465271 -2.896118 -36.325073
14369854806768 -28.471375 -2.882385 -35.586548
14369874887334 -29.260254 -3.657532 -35.578918
14369895059453 -29.260254 -3.657532 -35.578918
14369915170537 -29.263306 -4.405212 -34.092712
14369935495244 -28.491211 -2.845764 -33.369446
14369955514775 -30.096436 -2.838135 -32.632446
14369975656377 -30.860901 -5.918884 -31.860352
14369995920049 -27.670288 -4.388428 -33.351135
14370016214238 -29.278564 -5.128479 -31.127930
14370036691533 -30.078125 -5.131531 -31.127930
14370056772100 -29.264832 -6.660461 -30.371094
14370077035771 -30.067444 -7.411194 -28.886414
14370097299443 -30.056763 -8.183289 -28.877258
14370117593633 -30.075073 -8.146667 -26.660156
14370137857305 -30.065918 -8.918762 -26.651001
14370158151494 -31.645203 -8.961487 -28.871155
14370177041875 -30.867004 -9.669495 -25.166321
14370197275029 -32.464600 -8.927917 -26.655579
14370217538701 -30.827332 -11.251831 -27.366638
14370239480840 -30.860901 -9.681702 -25.904846
14370258157598 -30.032349 -10.488892 -28.112793
14370278390752 -30.850220 -11.961365 -23.661804
14370298654424 -30.058289 -10.438538 -25.155640
14370319009648 -30.836487 -11.987305 -25.140381
14370340371953 -28.465271 -10.421753 -24.414062
14370359536992 -29.244995 -11.968994 -24.398804
14370378457891 -28.434753 -12.738037 -24.389648
14370398568975 -28.457642 -11.941528 -22.918701
14370418771611 -30.043030 -13.479614 -22.166443
14370439004766 -29.266357 -12.678528 -20.693970
14370459024297 -28.430176 -13.497925 -23.641968
14370479074346 -28.445435 -11.965942 -24.397278
14370499215947 -29.260254 -12.690735 -21.434021
14370519449102 -30.035400 -13.491821 -22.904968
14370539682256 -27.641296 -12.722778 -23.649597
14370559671270 -28.457642 -11.941528 -22.918701
14370579782354 -26.062012 -12.680054 -21.429443
14370599923955 -28.422546 -15.019226 -22.146606
14370620065557 -26.875305 -11.151123 -22.186279
14370640359746 -27.638245 -13.484192 -22.901917
14370660379277 -28.446960 -12.713623 -22.911072
14370680551396 -27.670288 -11.914062 -21.440125
14370700723516 -28.430176 -13.497925 -23.641968
14370721139775 -27.651978 -11.950684 -23.657227
14370741281377 -27.651978 -11.950684 -23.657227
14370761453496 -26.869202 -11.163330 -22.924805
14370781747686 -27.638245 -13.484192 -22.901917
14370802011357 -25.270081 -11.157227 -22.923279
14370822519170 -26.844788 -13.468933 -22.160339
14370842630254 -26.048279 -12.705994 -22.908020
14370862558232 -26.855469 -12.695312 -22.169495
14370883127080 -27.638245 -13.484192 -22.901917
14370903390752 -26.852417 -11.947632 -23.655701
14370922403203 -25.242615 -12.715149 -23.645020
14370944070684 -26.055908 -12.692261 -22.167969
14370962808477 -25.242615 -12.715149 -23.645020
14370983102666 -26.039124 -13.478088 -22.898865
14371003366338 -25.256348 -12.690735 -22.166443
14371023752080 -27.633667 -14.244080 -22.154236
14371045389043 -27.651978 -11.950684 -23.657227
14371064187871 -26.821899 -14.265442 -23.631287
14371084482061 -22.846985 -13.455200 -22.154236
14371104745732 -30.033875 -12.744141 -24.391174
14371123788701 -26.045227 -13.465881 -22.160339
14371143991338 -26.000977 -15.808105 -23.612976
14371163980352 -25.233459 -13.487244 -23.637390
14371184091436 -25.228882 -14.247131 -22.889709
14371204233037 -26.828003 -14.253235 -22.891235
14371224496709 -25.265503 -11.917114 -22.175598
14371244668828 -26.019287 -13.514709 -25.115967
14371264688359 -24.468994 -12.663269 -20.687866
14371284799443 -26.841736 -12.721252 -23.648071
